HS21: 0.04
TAME: 0
HS35: -8.88889
HS35MOD: -8.75
QPTEST: 4.37188
ZECEVIC2: -4.125
HS76: -4.68182
HS51: -6
HS52: -0.673352
HS53: -1.90698
HS268: -14463
S268: -14463
GENHS28: 0.927174
LOTSCHD: 2398.42
HS118: 664.82
QAFIRO: -1.59078
DUAL4: 0.746091
DUAL1: 0.035013
DUAL2: 0.0337337
DUAL3: 0.135756
CVXQP2S: 8120.94
CVXQP1S: 11590.7
QADLITTL: 480319
QPCBLEND: -0.00784254
CVXQP3S: 11943.4
QSHARE2B: 11703.7
VALUES: -1.39662
DPKLO1: 0.370096
DUALC1: 6155.25
DUALC2: 3551.31
PRIMALC2: -3551.31
PRIMALC1: -6155.25
QSCAGR7: 2.68659e+07
QRECIPE: -266.616
DUALC5: 427.232
PRIMALC5: -427.232
QPCBOEI2: 8.17196e+06
QISRAEL: 2.53478e+07
QSHARE1B: 720078
QSC205: -0.00581395
PRIMAL1: -0.035013
QBEACONF: 164712
QGROW7: -4.27987e+07
QBRANDY: 28375.1
QE226: 205.54
DUALC8: 18309.4
PRIMALC8: -18309.4
QBORE3D: 3100.2
QFORPLAN: 7.45663e+09
QCAPRI: 6.67933e+07
QPCBOEI1: 1.15039e+07
PRIMAL2: -0.0337337
QSCORPIO: 1880.51
QBANDM: 16352.3
QSCTAP1: 1415.86
QSCFXM1: 1.68827e+07
QPCSTAIR: 6.20439e+06
QSTAIR: 7.98545e+06
QSCSD1: 8.66667
PRIMAL3: -0.135756
QGROW15: -1.01694e+08
QSCAGR25: 2.01738e+08